63.1819
63.3334
62.4178
62.1931
62.0563
61.7988
61.6134
61.4735
61.6451
61.5284
61.5258
61.4374
61.6829
61.5941
61.5521
61.4817
61.4193
61.3636
61.3715
61.3229
61.4398
61.3651
61.2463
61.1368
60.5617
60.3281
60.1107
59.9519
60.2769
60.0964
59.9889
59.8266
59.6934
59.7055
59.6587
59.6143
59.5722
59.6069
59.566
59.6732
59.6308
59.8054
59.8479
59.9591
59.943
59.9624
60.05
60.1168
60.0958
60.0756
60.0562
60.0375
60.0196
59.7694
59.7605
59.8179
59.7746
59.5034
59.4706
59.4227
59.1654
59.2086
58.9272
58.4781
58.1893
57.9424
57.9282
57.9145
57.9332
57.9513
58.0006
57.8734
57.7504
57.7741
57.6704
57.2695
57.0239
56.7862
56.7772
56.7369
56.4774
56.242
56.203
56.0237
55.9758
55.7097
55.6717
55.5722
55.5386
55.506
55.1769
54.8582
54.8627
54.6792
54.5798
54.5929
54.6056
54.6336
54.6607
54.6244
54.6049
54.305
54.4984
54.5297
54.5599
54.2616
54.5187
54.7676
54.5877
54.585
54.863
54.8049
54.4992
54.6395
54.604
53.8995
53.8715
53.8599
53.9266
53.9289
54.0401
54.3037
54.2475
54.2709
54.2158
54.2714
54.1227
54.3837
54.4651
54.4974
54.7466
54.9569
54.9894
54.9897
55.0056
55.0521
54.8948
55.0382
55.1304
55.0018
55.2353
55.0723
54.9611
55.3203
55.3103
55.2696
55.2767
54.5054
54.5052
54.4272
54.1337
54.005
53.8337
53.5587
53.3234
53.36
51.7456
51.5356
51.3789
51.3826
51.433
51.5596
51.62
51.6318
51.7989
51.8519
52.0588
52.0725
51.8524
51.6391
