123.409
121.308
120.562
120.302
120.144
120.12
120.032
119.965
120.25
119.817
119.787
119.978
119.94
119.757
119.668
119.456
119.331
119.16
119.005
119.033
118.95
118.927
118.88
118.959
118.985
118.963
119.054
119.096
119.264
119.232
119.409
119.372
119.357
119.579
119.595
119.611
119.569
119.566
119.601
119.524
119.596
119.556
119.625
119.692
119.72
119.625
119.621
119.548
119.444
119.378
119.366
119.186
119.046
119.028
119.043
119.124
119.087
119.15
119.129
119.125
119.072
119.069
119.083
118.968
119.049
119.048
118.982
118.951
118.984
119.048
119.111
119.075
119.2
119.13
119.079
119.155
119.134
119.193
119.171
119.213
119.285
119.371
119.469
119.596
119.562
119.481
119.544
119.48
119.575
119.51
119.525
119.634
119.661
119.797
119.882
119.823
119.781
119.835
119.872
119.969
120.048
119.937
119.971
120.018
120.018
119.955
119.941
119.849
119.698
119.614
119.563
119.452
119.36
119.24
119.232
119.256
119.295
119.161
119.031
118.984
118.938
118.924
118.911
118.913
118.916
118.903
118.922
118.815
118.743
118.782
118.851
118.903
118.921
118.846
118.773
118.827
118.894
118.929
118.962
118.885
118.936
118.953
119.017
119.063
119.092
119.136
119.163
119.127
119.138
119.056
119.117
119.035
118.956
118.989
119.067
119.034
118.939
118.972
118.958
119.037
119.005
118.895
119.023
119.116
119.081
119.125
119.153
119.101
119.036
118.941
118.927
118.976
118.853
118.842
118.769
118.869
118.889
118.877
118.756
118.733
118.85
118.886
118.905
119.032
119.109
119.059
119.011
119.057
119.164
119.081
119.079
119.107
119.12
119.038
119.037
119.02
119.004
118.988
118.973
118.865
118.776
118.674
118.684
118.569
118.474
118.412
118.275
118.189
118.089
118.087
118.068
118.066
117.94
117.941
117.834
117.731
117.77
117.699
117.724
117.64
117.557
117.602
117.537
117.567
117.627
117.654
117.68
117.69
117.7
117.6
117.597
117.439
117.425
117.427
117.367
117.403
117.312
117.24
117.279
117.317
117.292
117.267
117.212
117.221
117.339
117.359
117.426
117.366
117.464
117.512
117.48
117.59
117.618
117.521
117.614
117.595
117.592
117.62
117.647
117.705
117.761
117.737
117.823
117.86
117.724
118.246
118.13
117.986
117.784
117.744
117.549
117.517
117.485
117.423
117.395
117.367
117.34
117.314
117.257
117.14
117.727
118.42
119.637
119.524
119.336
119.155
119.041
118.868
118.795
118.723
118.685
118.648
118.644
118.624
118.511
118.433
118.45
118.421
118.439
118.363
118.274
118.296
118.303
118.262
118.129
118.001
117.939
117.956
117.895
