123.5
119
119
119.5
119.5
120
119.5
119.5
122.5
116
119.5
122
119.5
117.5
118.5
116.5
117.5
116.5
116.5
119.5
117.5
118.5
118
120.5
119.5
118.5
121
120
123
118.5
123.5
118.5
119
125
120
120
118.5
119.5
120.5
117.5
121.5
118.5
121.5
121.5
120.5
117
119.5
117.5
116.5
117.5
119
114
115
118.5
119.5
121.5
118
121
118.5
119
117.5
119
119.5
115.5
121.5
119
117
118
120
121
121
118
123
117
117.5
121.5
118.5
121
118.5
120.5
121.5
122
122.5
123.5
118.5
117
121.5
117.5
122.5
117.5
120
123
120.5
124
122.5
118
118.5
121.5
121
123
122.5
116.5
121
121.5
120
118
119.5
117
115
117
118
116
116.5
115.5
119
120
120.5
115
115
117.5
117.5
118.5
118.5
119
119
118.5
119.5
115.5
116.5
120
121
120.5
119.5
116.5
116.5
120.5
121
120
120
116.5
120.5
119.5
121
120.5
120
120.5
120
118
119.5
116.5
121
116.5
116.5
120
121.5
118
116
120
118.5
121.5
118
115.5
123
122
118
120.5
120
117.5
117
116
118.5
120.5
115
118.5
116.5
122
119.5
118.5
115
118
122.5
120
119.5
123
121.5
117.5
117.5
120.5
122.5
116.5
119
120
119.5
116.5
119
118.5
118.5
118.5
118.5
115.5
116
115.5
119
115
115.5
116.5
114
115.5
115
118
117.5
118
114
118
114.5
114.5
119
115.5
118.5
115
115
119
115.5
118.5
119.5
118.5
118.5
118
118
114.5
117.5
112.5
117
117.5
115.5
118.5
114.5
115
118.5
118.5
116.5
116.5
115.5
117.5
121
118
119.5
115.5
120.5
119
116.5
121
118.5
114.5
120.5
117
117.5
118.5
118.5
119.5
119.5
117
120.5
119
113.5
134.5
114.5
113.5
111.5
116.5
111.5
116.5
116.5
115.5
116.5
116.5
116.5
116.5
115.5
113.5
136
140
157.5
116
113.5
113.5
115.5
113.5
116.5
116.5
117.5
117.5
118.5
118
115
116
119
117.5
119
116
115.5
119
118.5
117
114
114
116
118.5
116
