63.5
63.5
60.5
61.5
61.5
60.5
60.5
60.5
63
60.5
61.5
60.5
64.5
60.5
61
60.5
60.5
60.5
61.5
60.5
63.5
60
59
59
49
55.5
55.5
56.5
67.5
56
57.5
56
56.5
60
58.5
58.5
58.5
60.5
58.5
62.5
58.5
64.5
61
63
59.5
60.5
62.5
62
59.5
59.5
59.5
59.5
59.5
52.5
59.5
61.5
58.5
51.5
58.5
58
51.5
60.5
50.5
45
49.5
50.5
57.5
57.5
58.5
58.5
59.5
54
54
58.5
54.5
45
49.5
49.5
56.5
55.5
48.5
49
55
50.5
54.5
47.5
54.5
52.5
54.5
54.5
45
45
55
49
51.5
55
55
55.5
55.5
53.5
54
45
60.5
55.5
55.5
45
62.5
62.5
49
54.5
63.5
53
45
59
53.5
32
53
53.5
56
54
57.5
62.5
52.5
55
52.5
56
49.5
62.5
57
55.5
62.5
61.5
56
55
55.5
56.5
50
59.5
58
51
62.5
50
51.5
66.5
55
54
55.5
30.5
54.5
52
45
50
48.5
45
46
54.5
1.5
45
46.5
51.5
53
55.5
53.5
52
57
53.5
58.5
52.5
45
45
